0 1773807518.102216 0.000004 0.000000 -0.000002 0.000028 0.000011 0.000039 1.000000
1 1773807552.802603 0.695414 0.193780 0.011364 -0.004470 0.003958 0.501183 0.865321
2 1773807553.602525 0.321091 0.572545 0.019773 0.001309 -0.008603 0.806346 0.591380
3 1773807554.402542 -0.315139 1.436685 0.030179 -0.007610 -0.008380 0.749634 0.661755
4 1773807555.201897 -0.123816 2.427159 0.048608 0.000689 -0.005717 0.600949 0.799266
5 1773807556.002128 -0.652720 3.323063 0.061580 0.000435 -0.012405 0.851526 0.524165
6 1773807556.602038 -1.118449 4.331178 0.072867 -0.000972 -0.007905 0.777155 0.629259
7 1773807557.202716 -1.375292 5.412652 0.093079 0.002898 -0.011066 0.776930 0.629483
8 1773807557.602092 -1.674642 6.407087 0.098221 -0.002149 -0.012017 0.776578 0.629903
9 1773807558.002545 -1.910887 7.426656 0.113492 0.000288 -0.012293 0.776121 0.630465
10 1773807558.402320 -2.161703 8.447194 0.129146 -0.005435 -0.008290 0.776175 0.630440
11 1773807558.901934 -2.379370 9.556250 0.137531 -0.004452 -0.012012 0.735823 0.677052
12 1773807559.402342 -2.242966 10.790793 0.158638 0.000416 -0.011378 0.663905 0.747730
13 1773807559.802024 -2.097972 11.958912 0.176821 0.000883 -0.004607 0.701827 0.712332
14 1773807560.202297 -2.273299 13.071637 0.189149 -0.003463 -0.008436 0.739378 0.673229
15 1773807560.602523 -2.401702 14.220929 0.197546 -0.003145 -0.008068 0.740053 0.672493
16 1773807561.002230 -2.525829 15.402083 0.210323 -0.002080 -0.007334 0.740582 0.671923
17 1773807561.402519 -2.704952 16.603223 0.228243 -0.001050 -0.008674 0.739840 0.672726
18 1773807561.802389 -2.902994 17.795894 0.238299 -0.003057 -0.007282 0.739851 0.672724
19 1773807562.202571 -3.121402 18.986916 0.246268 -0.001879 -0.007368 0.740084 0.672472
20 1773807562.602273 -3.329974 20.172130 0.263066 -0.003438 -0.008249 0.739885 0.672675
21 1773807563.001849 -3.534162 21.359872 0.264689 -0.002262 -0.007739 0.739207 0.673430
22 1773807563.401963 -3.748890 22.546509 0.285744 -0.004120 -0.007250 0.739402 0.673213
23 1773807563.902008 -3.899091 23.618650 0.287811 -0.014180 0.007239 0.914544 0.404174
24 1773807565.002247 -4.982632 23.659334 0.295884 0.003894 -0.005640 0.993660 0.112220
25 1773807565.401696 -6.216735 23.635653 0.285417 -0.001505 -0.007913 0.993554 0.113071
26 1773807565.802576 -7.469585 23.576469 0.278127 -0.003579 -0.005555 0.998157 0.060327
27 1773807566.202025 -8.541978 23.321106 0.275861 -0.005308 0.001121 0.982900 -0.184058
28 1773807566.602062 -9.486368 22.645367 0.263378 -0.002027 -0.014027 0.982136 -0.187640
29 1773807567.002553 -10.610895 22.154672 0.249319 -0.004261 -0.014296 0.997964 -0.062010
30 1773807567.402570 -11.756828 21.923619 0.242133 -0.001293 -0.006344 0.997252 -0.073806
31 1773807567.802194 -12.871078 21.620862 0.240135 -0.003867 -0.008723 0.997556 -0.069218
32 1773807568.202049 -13.971094 21.383768 0.224693 -0.004315 -0.009424 0.997524 -0.069560
33 1773807568.602064 -15.082482 21.188433 0.216998 -0.004615 -0.009198 0.997525 -0.069556
34 1773807569.002553 -16.200601 20.989773 0.209296 -0.003299 -0.010713 0.997502 -0.069741
35 1773807569.402205 -17.291390 20.782018 0.194710 -0.004014 -0.012670 0.997540 -0.068822
36 1773807569.802204 -18.284945 20.629519 0.190793 -0.014418 -0.010539 0.993675 -0.110862
37 1773807570.202209 -18.311378 20.613500 0.187337 0.009011 0.009923 -0.838850 0.544197
38 1773807571.001839 -18.658496 19.575624 0.174719 0.004520 0.000799 -0.762721 0.646712
39 1773807571.402336 -18.779416 18.557574 0.161506 0.006819 0.001804 -0.693811 0.720123
40 1773807571.801649 -18.596845 17.570286 0.149567 0.002621 0.002760 -0.655473 0.755209
41 1773807572.202536 -18.439394 16.545325 0.135406 0.002867 0.003077 -0.656361 0.754435
42 1773807572.602492 -18.384480 15.520543 0.124562 0.002926 0.007457 -0.723863 0.689897
43 1773807573.002156 -18.498727 14.516278 0.111066 0.005295 0.004735 -0.722824 0.690995
44 1773807573.402599 -18.530975 13.508882 0.097074 0.003550 0.003575 -0.723480 0.690327
45 1773807573.802186 -18.604429 12.406857 0.087325 0.002874 0.003814 -0.725310 0.688405
46 1773807574.202498 -18.658187 11.208740 0.069718 0.005780 0.005063 -0.724157 0.689592
47 1773807574.601812 -18.710169 10.012704 0.052204 0.004034 0.005796 -0.725503 0.688183
48 1773807575.002506 -18.784488 8.791098 0.036022 0.004104 0.005747 -0.723483 0.690306
49 1773807575.402305 -18.861437 7.588461 0.022276 0.003223 0.006681 -0.725027 0.688680
50 1773807575.801893 -18.921208 6.374687 0.006681 0.005293 0.003357 -0.724722 0.689013
51 1773807576.202045 -18.990181 5.166462 -0.013033 0.004499 0.006032 -0.724884 0.688830
52 1773807576.602310 -19.089459 4.050968 -0.022481 0.017353 0.007459 -0.649525 0.760106
53 1773807576.901963 -19.027753 3.889925 -0.025088 0.011351 0.015380 -0.298422 0.954243
54 1773807577.402041 -19.182232 4.083415 -0.022011 -0.000203 -0.003720 0.116776 0.993151
55 1773807578.302500 -18.160180 4.799347 -0.000043 -0.003360 -0.009562 0.179082 0.983782
56 1773807578.702473 -17.161366 5.014137 0.015342 0.005076 -0.005088 0.109059 0.994009
57 1773807579.202225 -15.942403 5.232029 0.017625 0.002675 -0.004369 0.108280 0.994107
58 1773807579.601685 -14.850422 5.434994 0.027884 0.001051 -0.003795 0.046829 0.998895
59 1773807580.002008 -13.735962 5.470617 0.039663 0.003959 -0.004111 0.020437 0.999775
60 1773807580.402495 -12.670154 5.460119 0.040626 0.004664 -0.002784 0.003079 0.999981
61 1773807580.802036 -11.536483 5.468360 0.042583 0.001610 -0.001817 0.006322 0.999977
62 1773807581.202590 -10.395165 5.456505 0.046117 0.003555 -0.002420 0.004692 0.999980
63 1773807581.601982 -9.266418 5.437863 0.047568 0.004898 -0.003690 0.005873 0.999964
64 1773807582.002573 -8.149172 5.438320 0.063694 0.002938 -0.002767 0.003554 0.999986
65 1773807582.402469 -7.041600 5.447721 0.067831 0.002885 -0.000445 0.003433 0.999990
66 1773807582.802456 -5.915050 5.422754 0.065336 0.002849 -0.002431 0.002852 0.999989
67 1773807583.202438 -4.780110 5.402024 0.069788 0.000797 -0.001809 0.001924 0.999996
68 1773807583.602089 -3.630979 5.402444 0.068504 0.001115 -0.001656 0.002659 0.999994
69 1773807584.002101 -2.473206 5.394378 0.081249 0.001061 -0.002367 0.002735 0.999993
70 1773807584.401890 -1.355751 5.361429 0.077425 0.004262 0.006763 0.028394 0.999565
71 1773807584.701905 -0.918178 5.384893 0.088089 0.005645 0.009403 0.449430 0.893248
72 1773807585.701984 -0.937889 6.394182 0.100437 0.008037 -0.012609 0.699586 0.714392
73 1773807586.101689 -1.047171 7.595995 0.124548 0.001451 -0.010528 0.701501 0.712589
74 1773807586.502490 -1.222988 8.753868 0.136553 -0.000961 -0.007496 0.750872 0.660404
75 1773807586.902056 -1.486430 9.768944 0.148240 -0.001194 -0.010423 0.742749 0.669488
76 1773807587.302239 -1.555883 10.901497 0.162895 -0.002498 -0.010489 0.697942 0.716073
77 1773807587.702164 -1.540369 11.984887 0.173600 0.000608 -0.008812 0.706694 0.707464
78 1773807588.102140 -1.649645 13.150345 0.188288 -0.000659 -0.006940 0.703854 0.710311
79 1773807588.502379 -1.725832 14.379756 0.201658 -0.002704 -0.008770 0.702108 0.712011
80 1773807588.901859 -1.693683 15.588655 0.214884 -0.002360 -0.006074 0.701786 0.712358
81 1773807589.302477 -1.662916 16.800730 0.224889 0.001465 -0.007173 0.703627 0.710532
82 1773807589.702522 -1.673740 18.028658 0.243336 -0.002022 -0.007247 0.702806 0.711342
83 1773807590.102427 -1.638048 19.226871 0.255646 -0.000659 -0.008159 0.703344 0.710802
84 1773807590.502211 -1.650059 20.452232 0.269577 -0.003728 -0.006350 0.702643 0.711505
85 1773807590.901684 -1.662079 21.670191 0.281983 -0.001518 -0.006787 0.702322 0.711826
86 1773807591.302401 -1.671633 22.876097 0.292115 -0.001891 -0.005281 0.702007 0.712148
87 1773807591.702410 -1.690173 24.084930 0.304324 -0.006930 -0.001381 0.701856 0.712284
88 1773807592.102113 -1.719593 24.770109 0.312387 -0.007379 0.001850 0.931977 0.362439
89 1773807592.502329 -1.836164 24.703625 0.308877 0.010611 -0.007020 0.998563 -0.052061
90 1773807593.001956 -2.871502 24.506784 0.301110 0.003439 -0.010026 0.998951 -0.044538
91 1773807593.402100 -4.060593 24.148159 0.299694 -0.001488 -0.007166 0.998671 -0.051009
92 1773807593.801887 -5.237948 23.662174 0.292931 -0.004124 -0.009642 0.998853 -0.046716
93 1773807594.202269 -6.399363 23.209368 0.279811 -0.002254 -0.008956 0.998781 -0.048498
94 1773807594.602062 -7.591491 22.739934 0.267909 -0.003286 -0.009539 0.998818 -0.047545
95 1773807595.001803 -8.769801 22.345587 0.258721 -0.003639 -0.005893 0.998846 -0.047534
96 1773807595.402394 -9.950497 21.931314 0.252102 -0.004744 -0.007738 0.998849 -0.047108
97 1773807595.802242 -11.153641 21.570301 0.238367 -0.002198 -0.010308 0.999935 0.004329
98 1773807596.202600 -12.433535 21.415735 0.229922 -0.005365 -0.012480 0.997206 0.073455
99 1773807596.602501 -13.661053 21.360032 0.228291 -0.004122 -0.008213 0.998207 0.059142
100 1773807597.002525 -14.898572 21.222692 0.213706 -0.003908 -0.010917 0.997725 0.066407
101 1773807597.402456 -16.151021 21.146466 0.204987 -0.003587 -0.011061 0.997798 0.065300
102 1773807597.802459 -17.383078 21.056287 0.199259 -0.003127 -0.009086 0.997831 0.065121
103 1773807598.202365 -18.443807 21.006683 0.184603 -0.014410 -0.000765 0.983335 -0.181231
104 1773807598.902059 -18.929579 20.117137 0.172336 0.006883 -0.006654 0.871736 -0.489882
105 1773807599.302236 -19.531183 19.160023 0.160573 0.010513 -0.002304 -0.768162 0.640165
106 1773807599.702414 -19.532463 18.111485 0.151100 0.011299 -0.000740 -0.602374 0.798134
107 1773807600.101968 -19.125971 17.016762 0.136825 -0.000927 0.006628 -0.630773 0.775939
108 1773807600.501842 -19.021909 15.808476 0.118306 0.000213 0.010957 -0.741068 0.671340
109 1773807600.902091 -19.245949 14.685632 0.110125 0.005841 0.004522 -0.723184 0.690616
110 1773807601.302395 -19.263288 13.543015 0.095768 0.001831 0.005187 -0.729276 0.684198
111 1773807601.702079 -19.364176 12.335284 0.082519 0.003658 0.004468 -0.727948 0.685608
112 1773807602.102219 -19.443849 11.115125 0.070468 0.004441 0.007755 -0.726776 0.686817
113 1773807602.502084 -19.512164 9.911005 0.043142 0.003336 0.006922 -0.729073 0.684393
114 1773807602.901811 -19.620640 8.704558 0.034726 0.004025 0.003725 -0.727268 0.686332
115 1773807603.302464 -19.675319 7.489636 0.016041 0.004154 0.006808 -0.729384 0.684058
116 1773807603.702406 -19.786646 6.270725 0.003484 0.005170 0.005384 -0.728297 0.685221
117 1773807604.102422 -19.888607 5.048185 -0.023668 0.005078 0.004910 -0.728367 0.685151
118 1773807604.502454 -19.974578 3.844159 -0.033839 0.009119 0.007176 -0.729081 0.684329
119 1773807605.001922 -20.016070 3.134559 -0.047681 0.013752 0.013468 -0.330992 0.943437
120 1773807605.302363 -20.175628 3.339041 -0.041522 -0.000445 -0.003918 0.109967 0.993927
121 1773807606.202613 -19.133309 3.816422 -0.018728 0.004396 -0.006950 0.235484 0.971844
122 1773807606.702415 -18.037464 4.367618 0.001774 0.000262 -0.006866 0.208009 0.978103
123 1773807607.102088 -17.084070 4.714408 0.008037 -0.001510 -0.005221 0.129737 0.991534
124 1773807607.602361 -15.842424 4.853624 0.018619 0.000144 -0.004048 0.069002 0.997608
125 1773807608.002470 -14.786827 4.977344 0.020633 0.003638 -0.006268 0.079592 0.996801
126 1773807608.402194 -13.614477 5.350364 0.032331 0.001361 -0.004277 0.069546 0.997569
127 1773807608.802460 -12.348471 5.455584 0.035382 -0.002398 -0.000793 -0.062037 0.998071
128 1773807609.202429 -11.116595 5.131614 0.032933 -0.002681 0.003281 -0.229902 0.973205
129 1773807609.602614 -10.164325 4.507295 0.039792 0.012394 -0.001673 -0.108691 0.993997
130 1773807610.002341 -9.051469 4.334879 0.034906 0.000544 -0.003606 -0.058682 0.998270
131 1773807610.401885 -7.829015 4.248435 0.050276 0.000318 -0.001783 -0.076186 0.997092
132 1773807610.801902 -6.667679 4.025709 0.047488 0.003100 0.000206 -0.063307 0.997989
133 1773807611.202380 -5.487141 3.859045 0.048388 0.000038 -0.002898 -0.072966 0.997330
134 1773807611.602363 -4.298038 3.677052 0.041645 0.000994 -0.000697 -0.068476 0.997652
135 1773807612.003435 -3.101614 3.518011 0.049097 0.002106 0.001157 -0.067414 0.997722
136 1773807612.402380 -1.933229 3.319395 0.048207 0.004503 0.002785 -0.058224 0.998289
137 1773807612.802418 -1.275129 3.279128 0.056917 0.001230 0.009670 0.361452 0.932340
138 1773807613.602431 -0.547263 4.174913 0.071660 0.008325 -0.002268 0.533021 0.846058
139 1773807614.402356 -0.582852 5.240116 0.088270 0.006922 -0.015226 0.804392 0.593864
140 1773807614.801941 -0.995592 6.355602 0.103055 0.001481 -0.011250 0.798146 0.602358
141 1773807615.202486 -1.329358 7.507630 0.122981 -0.000414 -0.011819 0.798299 0.602145
142 1773807615.602075 -1.587815 8.667268 0.137156 -0.003705 -0.012470 0.740510 0.671919
143 1773807616.001831 -1.582473 9.870169 0.150754 -0.002303 -0.010912 0.666908 0.745056
144 1773807616.401736 -1.397808 10.906264 0.170158 0.003196 -0.002936 0.800012 0.599968
145 1773807616.802418 -1.794609 11.926955 0.173285 -0.004524 -0.013063 0.784999 0.619342
146 1773807617.203353 -2.003498 13.033149 0.188925 -0.001463 -0.008124 0.756453 0.653996
147 1773807617.602414 -2.093442 14.138167 0.199037 -0.000239 -0.009914 0.763122 0.646179
148 1773807618.002469 -2.303947 15.347611 0.208009 -0.002925 -0.008823 0.757050 0.653291
149 1773807618.401938 -2.482662 16.551803 0.230211 -0.000950 -0.008729 0.760727 0.649013
150 1773807618.802379 -2.650074 17.749145 0.237746 -0.002298 -0.007683 0.760643 0.649120
151 1773807619.202320 -2.794584 18.976508 0.246413 0.000039 -0.007854 0.759637 0.650300
152 1773807619.602383 -2.958445 20.164035 0.263218 -0.002684 -0.010975 0.758864 0.651151
153 1773807620.002428 -3.112110 21.379759 0.267665 -0.002888 -0.006614 0.758557 0.651567
154 1773807620.402392 -3.285685 22.562484 0.284661 -0.002805 -0.007494 0.760236 0.649598
155 1773807620.802047 -3.459583 23.775779 0.297345 -0.003305 -0.007877 0.757665 0.652587
156 1773807621.202192 -3.628310 24.964184 0.304272 -0.001599 -0.009436 0.759445 0.650501
157 1773807621.602519 -3.734411 26.052242 0.308609 -0.007057 0.003734 0.838553 0.544761
158 1773807621.902277 -3.806700 26.195909 0.316582 -0.015196 -0.000044 0.992040 0.124999
159 1773807622.802097 -4.821254 26.344850 0.305118 0.004328 -0.010655 0.997335 0.072041
160 1773807623.202347 -5.949179 26.444888 0.311938 -0.003948 0.000516 0.993819 -0.110940
161 1773807623.603344 -7.099076 26.080148 0.301011 -0.002179 -0.012310 0.996849 -0.078327
162 1773807624.002313 -8.284220 25.949215 0.297403 -0.000451 -0.006053 0.995615 -0.093345
163 1773807624.403329 -9.472070 25.725243 0.287837 -0.004784 -0.007446 0.995982 -0.089117
164 1773807624.802441 -10.658166 25.550465 0.273236 -0.004472 -0.007489 0.995889 -0.090159
165 1773807625.202307 -11.827150 25.343502 0.269989 -0.003719 -0.009337 0.995931 -0.089557
166 1773807625.602335 -13.022677 25.131646 0.265674 -0.003804 -0.009583 0.996235 -0.086074
167 1773807626.001805 -14.204804 24.963906 0.245014 -0.003583 -0.008580 0.996035 -0.088480
168 1773807626.402333 -15.377180 24.763699 0.247773 -0.003837 -0.010265 0.995876 -0.090058
169 1773807626.801810 -16.548067 24.550660 0.241679 -0.002802 -0.009886 0.996180 -0.086713
170 1773807627.201741 -17.699076 24.403974 0.221090 -0.004332 -0.009259 0.996000 -0.088771
171 1773807627.602087 -18.858216 24.226942 0.208172 -0.002910 -0.012533 0.996264 -0.085399
172 1773807628.002292 -19.885866 24.003335 0.202357 -0.007538 0.003952 0.937148 -0.348829
173 1773807628.402287 -20.617114 23.254128 0.195463 -0.011364 -0.016768 0.934926 -0.354264
174 1773807629.801855 -21.232648 21.544006 0.171019 0.008438 -0.003792 -0.643081 0.765743
175 1773807630.202240 -21.011142 20.515288 0.167209 0.001719 0.006408 -0.655178 0.755446
176 1773807630.602305 -20.878587 19.489244 0.150942 0.005481 0.001925 -0.644262 0.764782
177 1773807631.102067 -20.557059 18.391485 0.144526 0.008077 -0.002838 -0.486908 0.873411
178 1773807631.502352 -19.912134 17.484111 0.144767 -0.001360 0.001927 -0.512442 0.858719
179 1773807631.902312 -19.458764 16.258055 0.122960 -0.001438 0.006617 -0.644830 0.764296
180 1773807632.302274 -19.383240 15.100371 0.115910 0.003186 0.001663 -0.631155 0.775649
181 1773807632.702055 -19.151466 13.926734 0.104772 0.001743 0.003598 -0.633841 0.773453
182 1773807633.102119 -18.907227 12.750564 0.090661 0.001292 0.002063 -0.636109 0.771596
183 1773807633.501910 -18.699503 11.594097 0.074099 0.003787 0.003720 -0.632942 0.774181
184 1773807633.902484 -18.439916 10.403519 0.060533 0.002282 0.001867 -0.632706 0.774386
185 1773807634.301847 -18.203775 9.223263 0.054807 0.004246 0.003072 -0.636340 0.771391
186 1773807634.702155 -17.984108 8.049844 0.037104 0.003277 0.002265 -0.632177 0.774814
187 1773807635.102051 -17.739739 6.871423 0.019449 0.001241 0.002098 -0.633551 0.773697
188 1773807635.502560 -17.500667 5.714172 0.002321 0.004089 0.005119 -0.635545 0.772036
189 1773807635.902324 -17.252782 4.556667 -0.001761 0.006880 0.019112 -0.634953 0.772284
190 1773807636.401831 -17.306481 4.315423 -0.009144 -0.001848 0.007076 -0.191631 0.981440
191 1773807637.402254 -16.295604 4.746365 0.010280 -0.001719 -0.004991 0.115940 0.993242
192 1773807637.801968 -15.204858 4.773124 0.022009 -0.006629 -0.002180 -0.091640 0.995768
193 1773807638.202303 -14.247805 4.419644 0.017238 -0.001811 0.001896 -0.219730 0.975557
194 1773807638.601933 -13.263802 3.895727 0.018475 0.008848 -0.003037 -0.130184 0.991446
195 1773807639.002498 -12.076326 3.702985 0.019414 -0.000178 0.000098 -0.146588 0.989198
196 1773807639.402219 -10.925886 3.386642 0.020124 0.001724 0.000926 -0.144697 0.989474
197 1773807639.802332 -9.789007 3.048087 0.016903 0.002816 0.000055 -0.140682 0.990051
198 1773807640.202494 -8.672718 2.782435 0.020721 0.005090 0.000427 -0.018441 0.999817
199 1773807640.602453 -7.490471 2.808164 0.023698 -0.002955 -0.000789 -0.023269 0.999725
200 1773807641.002245 -6.289542 2.778631 0.030635 -0.001078 -0.000320 -0.019682 0.999806
201 1773807641.402068 -5.106939 2.731001 0.035842 0.002392 0.000803 -0.018138 0.999832
202 1773807641.802319 -3.906044 2.701882 0.033794 0.003118 -0.000477 -0.017116 0.999849
203 1773807642.202330 -2.706347 2.708568 0.037812 0.002899 0.000099 -0.017001 0.999851
204 1773807642.602058 -1.503435 2.695716 0.042306 0.007766 0.003825 -0.025689 0.999632
205 1773807643.502073 -1.090569 2.567797 0.044040 0.003832 -0.005317 0.395763 0.918329
206 1773807643.802463 -1.150728 2.451587 0.041089 -0.000819 -0.009608 0.733228 0.679915
207 1773807644.602494 -1.514510 3.419053 0.057655 0.005045 -0.015235 0.754642 0.655940
208 1773807645.002281 -1.505349 4.669442 0.075411 -0.007456 -0.009736 0.622797 0.782288
209 1773807645.402209 -1.131072 5.695437 0.089308 0.003603 -0.007876 0.710418 0.703726
210 1773807645.902194 -1.461399 6.886247 0.115652 0.002755 -0.007391 0.854775 0.518938
211 1773807646.302279 -2.071147 7.918711 0.120479 -0.004861 -0.015450 0.797393 0.603243
212 1773807646.702253 -2.272056 9.017712 0.135058 0.000152 -0.010011 0.812796 0.582462
213 1773807647.103279 -2.618163 10.127538 0.143359 -0.003710 -0.013554 0.755541 0.654950
214 1773807647.502223 -2.691240 11.330676 0.159410 -0.003959 -0.012015 0.677720 0.735211
215 1773807647.902188 -2.514623 12.441470 0.176931 0.001479 -0.008777 0.690542 0.723238
216 1773807648.303262 -2.527242 13.585437 0.190447 0.000915 -0.008304 0.685874 0.727673
217 1773807648.702471 -2.495834 14.734122 0.202622 -0.000471 -0.008679 0.684641 0.728829
218 1773807649.102324 -2.431980 15.912291 0.214826 -0.000516 -0.009567 0.684842 0.728629
219 1773807649.501959 -2.380550 17.096836 0.229094 -0.000250 -0.007726 0.685538 0.727996
220 1773807649.902413 -2.339227 18.259631 0.243487 -0.001662 -0.007500 0.686345 0.727236
221 1773807650.302404 -2.296967 19.414572 0.256414 -0.000717 -0.007724 0.684827 0.728665
222 1773807650.703231 -2.261279 20.572337 0.270219 -0.000865 -0.004925 0.684961 0.728563
223 1773807651.103252 -2.218217 21.764646 0.273949 -0.000392 -0.005691 0.685146 0.728383
224 1773807651.502177 -2.175576 22.969234 0.295533 -0.000277 -0.005286 0.685827 0.727745
225 1773807651.902357 -2.117615 24.108056 0.295317 -0.014311 -0.000692 0.709655 0.704404
226 1773807652.202224 -2.130890 24.482660 0.298555 -0.010261 0.002173 0.940854 0.338650
227 1773807653.202245 -2.821574 24.471412 0.300343 0.002410 -0.002353 0.988798 -0.149225
228 1773807653.702412 -3.828849 24.044147 0.296320 0.004108 -0.010988 0.958898 -0.283508
229 1773807654.103275 -4.760925 23.441364 0.283675 -0.000210 -0.015170 0.992518 -0.121150
230 1773807654.502162 -5.764435 23.304060 0.285780 -0.001851 -0.008039 0.992021 -0.125805
231 1773807654.901662 -6.790095 23.030951 0.277232 0.000875 -0.009346 0.992144 -0.124751
232 1773807655.302186 -7.935102 22.762123 0.268274 0.000083 -0.011410 0.992441 -0.122195
233 1773807655.703246 -9.127312 22.468148 0.259767 -0.003189 -0.009866 0.992351 -0.123012
234 1773807656.102171 -10.260594 22.150277 0.250924 -0.003000 -0.008090 0.992330 -0.123313
235 1773807656.502256 -11.423574 21.850342 0.240091 0.000243 -0.006624 0.992300 -0.123681
236 1773807656.902254 -12.590148 21.534345 0.238437 -0.002959 -0.009883 0.992337 -0.123133
237 1773807657.303291 -13.745677 21.212100 0.220732 -0.003494 -0.010240 0.992393 -0.122630
238 1773807657.702173 -14.905110 20.907076 0.206743 -0.003430 -0.010723 0.992469 -0.121977
239 1773807658.102392 -16.068261 20.624783 0.204210 -0.002314 -0.009993 0.992494 -0.121865
240 1773807658.502305 -17.237716 20.303313 0.185620 -0.003799 -0.007847 0.992294 -0.123602
241 1773807658.901928 -18.289202 20.050043 0.182538 -0.018671 -0.014070 0.977603 -0.209154
242 1773807659.203199 -18.502952 19.990902 0.175389 0.016644 0.007032 -0.793912 0.607764
243 1773807660.102156 -18.202112 18.764106 0.173149 -0.001097 -0.000399 -0.663533 0.748146
244 1773807660.502017 -18.011256 17.536015 0.155173 0.001672 0.002447 -0.658203 0.752835
245 1773807660.902370 -17.733130 16.350746 0.143614 0.002583 0.005096 -0.663080 0.748527
246 1773807661.301899 -17.541267 15.169286 0.126610 0.002450 0.002465 -0.660669 0.750670
247 1773807661.702030 -17.287914 13.990146 0.121656 0.000029 0.004335 -0.663205 0.748425
248 1773807662.102302 -17.093649 12.786706 0.100393 0.001474 0.003507 -0.661311 0.750102
249 1773807662.503169 -16.841010 11.601046 0.089846 0.000037 0.004666 -0.660795 0.750552
250 1773807662.902039 -16.632174 10.414079 0.074657 0.002459 0.002920 -0.663302 0.748342
251 1773807663.302198 -16.401016 9.230532 0.066932 0.002338 0.003890 -0.661221 0.750178
252 1773807663.702200 -16.162756 8.047280 0.048589 0.000843 0.003586 -0.661580 0.749865
253 1773807664.102244 -15.958004 6.841577 0.039263 0.001716 0.003905 -0.662470 0.749076
254 1773807664.502065 -15.771488 5.659647 0.021221 0.003033 0.005827 -0.661170 0.750207
255 1773807664.901979 -15.572268 4.503141 0.007263 0.006746 0.018414 -0.663911 0.747554
256 1773807666.301905 -15.646725 3.941448 0.008038 -0.004062 -0.005019 0.940495 -0.339746
257 1773807666.502136 -15.859148 3.851505 0.000440 -0.003071 -0.011804 0.992686 0.120106
258 1773807667.402593 -15.631890 3.905011 0.001604 -0.006404 -0.012200 0.915130 -0.402923
259 1773807667.702257 -15.536916 4.137785 0.006829 0.004326 0.007959 -0.594372 0.804139
260 1773807668.002157 -15.668645 4.333387 0.008491 0.001267 0.000466 -0.101142 0.994871
261 1773807669.003186 -14.482453 4.851738 0.030793 0.000500 -0.001796 0.140484 0.990081
262 1773807669.301853 -13.476781 4.921254 0.032269 -0.008268 -0.001410 -0.084363 0.996400
263 1773807669.702399 -12.325880 4.545407 0.026398 -0.001472 0.003459 -0.213774 0.976876
264 1773807670.101878 -11.309940 3.996455 0.019673 0.010035 0.001490 -0.083122 0.996488
265 1773807670.501930 -10.122796 3.889761 0.026428 -0.000925 0.001402 -0.089912 0.995948
266 1773807670.901850 -8.982016 3.681928 0.033746 0.004874 -0.001578 0.009206 0.999944
267 1773807671.303151 -7.806841 3.718713 0.033840 -0.002064 -0.001875 0.025171 0.999679
268 1773807671.702095 -6.600847 3.851752 0.049764 0.001121 0.001074 0.028306 0.999598
269 1773807672.102103 -5.408063 3.925222 0.049509 -0.000659 -0.002442 0.030033 0.999546
270 1773807672.502388 -4.216761 3.996456 0.044900 0.000486 -0.001368 0.029153 0.999574
271 1773807672.903182 -3.005124 4.125138 0.064714 0.000034 -0.000714 0.029380 0.999568
272 1773807673.302121 -1.751007 4.186045 0.058136 -0.005031 -0.001036 -0.130495 0.991436
273 1773807673.703215 -0.642174 3.791699 0.064251 0.011074 0.008031 -0.131987 0.991157
274 1773807674.102243 -0.267046 3.672576 0.056310 0.006116 0.009340 0.329056 0.944244
275 1773807674.402421 -0.417884 3.586241 0.060491 -0.002351 -0.008254 0.741808 0.670558
276 1773807675.402356 -1.287166 4.377477 0.074302 -0.012965 -0.009837 0.802100 0.596968
277 1773807676.002307 -1.381282 5.526697 0.095993 -0.000120 -0.011076 0.790741 0.612050
278 1773807676.402241 -1.753039 6.465558 0.104701 -0.001537 -0.011895 0.839293 0.543547
279 1773807676.803210 -2.204209 7.591051 0.112594 -0.005195 -0.017421 0.751271 0.659743
